# Created by Octave 5.1.0, Fri May 08 21:36:15 2020 EEST <promitheas@Mobile-Workstation>
# name: StdDev
# type: matrix
# rows: 1
# columns: 46
 3.4284721526906301 0.42482457489703901 0.498639974911606 0.37566353031365701 0.297246336074179 1.11855941115882 60.4201287780038 4.81779403394113 8933.4858665307002 14095.681775163601 5090.4196620312296 7183.7528796243296 15407.885794611 12.208467261147799 19.297886751727901 1.53340763537546 1888.27973852846 2611.2419023050102 1146.2689280019799 2127.8490946178299 2200.7610223102902 17.576802697305901 18.089215193914001 1.6232720870602799 1953.3554081990101 2258.7003213916901 1013.7659445463401 1744.33761181409 2252.5453048151498 19.8586910397567 20.029104217434298 1.6349334550125301 2153.0455428252599 2444.05080633326 934.354237977906 2037.5488642804801 2505.3198742935601 16.0652237337138 29.392066208008 1.9325702434793699 4049.68926419223 5593.08712245881 1857.3144068305201 3941.8693638105101 5705.6488780527798 3.9806947156205799


# name: lbound
# type: matrix
# rows: 1
# columns: 46
 -9.7384933811488192 -2.5190043850200601 -2.4585617563642601 -1.31143767921114 -0.79945094169800202 -4.9592851473994504 -353.14991933891702 -21.4051065745473 -46790.047869568501 -59145.507684210097 -23212.2989207352 -33635.206752288403 -72106.685320786899 -56.629518747379599 -68.812191330105193 -5.4064820017407396 -5202.0649552800896 -12081.3473350161 -4746.2873590295803 -6723.3055787519997 -10447.9147726223 -80.313581565615394 -63.554034219206997 -5.2223378071805504 -8328.8124946575499 -10860.396086274201 -3156.32036112171 -5446.5856389173596 -7833.1995338442302 -76.842070565780801 -66.546706881009897 -5.4426951127320002 -8359.1248664827908 -11082.644057789499 -3482.8550767114698 -6065.7311383070701 -9002.3287659839298 -56.198364162917898 -137.6250680995 -6.70716110073118 -26753.959011384199 -36073.1617554201 -5687.7584779127501 -25852.8575621286 -37005.559449076398 -25.757125353442198


# name: mean
# type: matrix
# rows: 1
# columns: 46
 0.54692307692307596 -0.055021850617232901 -0.114953874279714 -0.14688073523880699 -0.056335101512554303 -0.37319156164830403 -2.7131724264947201 -0.206812825206307 -335.921363608874 56.3557714771297 203.63152460843199 -589.94350601645999 310.377913884745 -0.47056934609956702 6.4495670016337296 0.42046701268599601 85.1183125996006 974.86217650891297 -161.21164702164799 724.16625241041197 335.81423669810198 4.0550713814531498 5.1849835176663701 0.29678728882438499 -124.719780221696 884.84558496256204 87.730661426590899 484.16224125054299 275.96356349031799 6.5644318011974496 3.5551578800101402 0.116078634310607 -177.551803746784 648.79981261016405 -212.61524378879801 454.42522739047001 16.822781472904602 4.8494860251946301 3.4568496989383601 0.25009177579456399 -26.0098677154241 841.21325280804501 -301.546698104234 163.48023902076699 651.72314607188605 0.51545976965360196


# name: ubound
# type: matrix
# rows: 1
# columns: 46
 10.832339534995 1.0070395866253601 1.5305580429285801 0.94254350267079801 0.86512854031740105 3.6536223185234298 299.38747146352398 22.918598537711102 55051.691008881498 81811.310067426195 22092.436071342701 41075.823195804704 83512.961204784006 42.2590660679179 68.202804607163102 4.7140083917372699 7449.4092928605996 9330.8362638849394 4309.23717218608 8384.42299303461 7158.1734058599995 88.4237243285217 54.025864541234299 5.3289307587112402 7298.0307709345498 8564.4266776943095 4852.4306007944097 6240.4763602370404 7484.1085388988104 76.069850440346002 63.642470532312998 5.1843723448494501 7358.10759614164 9447.3827154098999 2403.5766225493398 9419.6402302245897 8785.4423415003803 77.142992826906905 79.876221839759197 5.0815173844929999 11313.120072022801 16501.857195692701 9170.7567767314304 11200.714457690199 16627.540004619699 11.6614049733912


