# Created by Octave 7.3.0, Thu Oct 26 19:20:12 2023 GMT <unknown@DESKTOP-MO9I5N6>
# name: StdDev
# type: matrix
# rows: 1
# columns: 46
 4.1146323832261018 0.40867966307773862 0.495299270273446 0.47168813531330139 0.30389266215301586 1.0207179714238979 22.4637079814432 2.1842494899276623 1654.98763954623 1755.3049402061733 520.76855253024394 1582.8065434198891 1797.3967459312473 16.147584280869619 18.231759394727117 1.911787171667688 1161.9685564486153 1302.7567024014843 480.73810567379502 1119.4746616157672 1322.6444005212709 17.006544464447796 15.052953782977285 1.6783565390631787 773.96405059339315 978.34068550412348 376.23544816556102 689.17070014899957 1012.2635285990376 8.9923211798518672 11.436880952293636 1.2409361857942358 599.89679795938059 582.13616295439761 227.8057491041755 554.01587440786648 631.99206212549973 14.554694806397155 12.374676955121148 1.775926745809993 589.94475543055808 1128.0468997392209 428.08916215366685 500.77880274795956 1191.5194271414427 5.0880227482718769


# name: lbound
# type: matrix
# rows: 1
# columns: 46
 -17.880681592732451 -1.4968855376861749 -1.3281742332511528 -2.1318441335809317 -0.86899127646047836 -3.3327197120825036 -113.07429607601233 -16.397259485455855 -8850.7406268537597 -8703.6527436861579 -2936.7162693372215 -6507.4299132877886 -11322.946058642767 -55.056064839686435 -80.517309171475318 -8.3842188250212413 -7204.2032221327427 -5520.1009210492584 -2292.62870501107 -7198.5213151952166 -5587.8289018198348 -85.510048630436003 -103.21268069298786 -13.404584359429517 -4899.2165649020781 -4164.7187063566535 -1793.3755566453331 -3948.881090686295 -5107.5898761047356 -36.0016510149987 -40.381162147247956 -4.6119081651013323 -2151.8030613175838 -2361.6975512150639 -1095.8349189664768 -2240.7354687134175 -3229.8661350115926 -75.662685041144059 -49.594179042037432 -6.4129259104316736 -2661.7899365389362 -5391.3344103712598 -1450.7448711052937 -2425.4094957981856 -5522.3718074624676 -23.92374216863367


# name: mean
# type: matrix
# rows: 1
# columns: 46
 -2.2450785364732631 0.015229215701457894 0.05866372351449619 -0.0092475246710753984 0.073075976213870852 0.13772139075874942 -14.233980957662247 -1.325938004954986 -906.79995703185466 -980.31100677899576 -176.64294092692839 -809.32635697618764 -1077.7846068346573 1.4604801433572314 -18.529327229403123 -1.8841424413511005 -929.57301731021948 -1090.7281328842112 -129.30722947899204 -929.46321014691955 -1090.8379400475133 -2.1779807546417937 -14.400253373421878 -1.6560885859872656 -719.81069169775492 -740.52630709222069 -250.81021916653282 -503.02758994129738 -957.30940884868016 -0.032366295591228993 -10.645271671284499 -1.1372868448774716 -352.11266743944191 -557.07544605643136 -2.3673232664342136 -523.28625804903118 -385.90185544684368 -2.8892110091582817 -9.9952127856497572 -1.0851456730016948 -243.01643927364773 -766.34212144045352 90.376112647907149 -372.21640453155112 -637.14215618255162 -3.0628489007189708


# name: ubound
# type: matrix
# rows: 1
# columns: 46
 26.968811384432062 1.2004002386269002 2.1884505856903136 1.1699728136121781 1.0151432288882201 2.8936599136032739 80.113592564399198 5.663660362813534 4223.6617255614583 8147.2746822931067 1073.2015851456574 6788.1450514392809 3775.1866071797112 70.895092551096596 47.105006591614497 4.8071126594858073 2556.3326520356268 3468.9203255209841 1264.8332769750136 2764.8031731851124 3406.1530217248082 60.746233763815056 47.316857136785003 4.7216662624528141 1989.0634853791212 4346.8452575292213 840.27258051359445 1840.1527905653015 3395.4237641271816 30.541525715905124 40.820692614036865 3.8264578982994717 2227.4435637858946 2004.3236709429184 749.39164877734493 2025.1867642271548 2268.4648054802556 48.052220813231763 44.453365816883299 5.3081906119142799 1585.8123025610826 2730.6032677511312 1888.3505936933079 1180.1978839871235 3056.5680679559209 12.710021618923848


