# Created by Octave 5.1.0, Fri May 08 21:35:55 2020 EEST <promitheas@Mobile-Workstation>
# name: StdDev
# type: matrix
# rows: 1
# columns: 46
 3.3019170580690602 0.33284691008596101 0.40361518920253397 0.40228619099614099 0.32025214020222897 0.93813827939597005 29.392040676133199 2.3637602760848599 6328.4965459134701 4585.78232133651 2734.49879562245 3070.4793278240199 6888.4402143460202 4.0844029099426002 15.9537484794558 1.9498948362320301 2409.3009126787401 1719.9296664762501 1421.0045397710701 1160.67595903699 2645.1591887429199 4.54946006225794 17.165906508816899 1.8095658350931201 1865.0532321855701 1395.2486071251601 891.75025055055596 1201.4196686258699 1930.9031554458199 4.9706650252010798 19.1122421635122 1.9315653713852701 1552.07375883447 1395.0830061834199 700.076634375955 1545.8493027407401 1507.67423282923 6.0058921257154498 18.7660227834834 1.6517199259772499 1571.7657621256899 1664.1232520152601 601.38540386126203 1531.30872791254 1715.4744331673201 11.2420758367897


# name: lbound
# type: matrix
# rows: 1
# columns: 46
 -8.8753202395694597 -1.62284383515785 -1.4030378962241801 -1.45524987306955 -1.7245037977070601 -4.5980893688186102 -80.782148405969394 -6.56637310463584 -19280.993550821699 -14368.0040748949 -15631.8062723161 -12683.399302124801 -29129.080000608799 -23.807526941259599 -45.086328700717303 -7.1088341597254301 -9467.6739230322692 -7035.3501485131801 -7128.5510372183799 -4711.73876254468 -11104.467445329799 -18.337702424586499 -69.181862735141394 -4.8774539530479704 -6140.2518569117201 -6312.3238801501802 -3862.0811082514101 -5526.3561994943802 -6638.0917983188001 -18.0372573231489 -97.176996715730596 -8.2247151220122703 -6356.05227809604 -8621.0269295976595 -5902.4436194447599 -6434.0842715911704 -8600.5890099166209 -23.2370434648318 -46.044664915945198 -3.5949413134945001 -3587.3540428199299 -3763.0073826686098 -3057.9504884169801 -4043.4202797830098 -3957.8026272403399 -35.677794064580901


# name: mean
# type: matrix
# rows: 1
# columns: 46
 0.039855817216997699 -0.091748048762432394 -0.071107771855822496 0.033209033616169302 -0.059192668655463403 -0.18883945565754801 -4.3628426480229798 -0.18422035920671301 -295.50391308132299 -610.65711088537796 228.28674229405499 -708.52992361116799 -197.631100355542 -0.117990063592481 -2.0112078061866701 -0.089212749290118507 -312.33045485304598 16.361484039450499 260.67256959116099 -301.17011820409601 5.2011473904941798 0.77002983689687599 1.19835395100788 0.0083738017034613397 14.4238093006498 105.819712625561 61.619994171032502 0.17427618463181299 120.06924574157 0.35420327009510399 0.295438318181662 0.081015974944384395 162.657509008734 -111.020591878815 -21.799890686732201 58.482799919944597 -6.8458827900305801 -1.6158318122562201 -1.0062102355851399 -0.12632946894227401 27.707210069146001 -101.93622823505 69.253611661582497 -62.017587210409999 -12.211430955495899 -0.82735897053273999


# name: ubound
# type: matrix
# rows: 1
# columns: 46
 20.8419332830521 1.40606304662439 1.18009931467203 1.9239541312980299 1.3819419622545701 3.8451551457451201 139.65815666502999 18.725861849472199 52863.867072591798 14522.4245495251 10619.382165659399 11266.3394549025 43199.542250024402 10.093017211264 61.803786111636498 13.7550405879573 10288.593560933399 6896.0801499444497 6655.1929985609604 3412.9929507142901 12966.4811722308 13.508518011219101 97.327430400382497 11.408638562790101 9712.7006166655901 8058.7367732389703 4074.4961216485299 7328.8342548024602 11512.3978628719 16.757397853258698 134.08113346276701 12.636190888948599 12579.247579684499 9236.0355495500899 2708.4989833794898 16753.655269519899 6023.8510485268698 15.8012553523186 113.46652874366301 10.1143340721167 11344.4206973741 11713.3388610733 2595.0723078788801 11575.9287449249 12339.2044878492 64.376680882847793


