# Created by Octave 7.3.0, Thu Oct 26 19:06:20 2023 GMT <unknown@DESKTOP-MO9I5N6>
# name: StdDev
# type: matrix
# rows: 1
# columns: 46
 3.4485419599627014 0.46705895160655264 0.7077654235793911 0.69322328402723254 0.45538401542111873 1.6483865430539113 15.016421580304462 2.1380049812309729 1054.5235687241093 878.45827796915069 549.4614487854044 606.6244349021332 953.04939999950182 18.062153502427762 7.3109604577031275 1.4856579635016638 327.61716274531341 329.55092333487863 179.18428187791338 209.41050529612798 282.32523346330493 32.064474034092477 6.6005508812189237 1.4873213753512504 446.07103342108206 492.24084813845775 213.0334282135527 161.7230307496593 237.2082806649465 30.328666791363169 6.1507622829330275 1.2019768813936127 243.464175024941 274.58968513187358 112.77181719607049 110.00211920974384 158.70125588001926 34.918898610649642 5.9525631057696398 1.1241326209733253 125.67429784563207 134.87376181157271 54.378438904840749 95.809500972926259 110.78162764007791 33.583546835602611


# name: lbound
# type: matrix
# rows: 1
# columns: 46
 -19.000624417086545 -2.0241603052121038 -1.7999993504250658 -1.7013202376890764 -1.4611929518923725 -5.1515389867059449 -51.524567126321429 -9.3423957284807564 -4065.2965826121749 -4357.1134796337574 -2221.552917264572 -2396.1311299176996 -4078.7601494986666 -57.407921661162831 -27.218221162912911 -6.4009168877584255 -1598.1929500641293 -1515.0715386537277 -698.61206138717637 -931.22703651516667 -1217.7123925859507 -88.609045976408339 -28.5040350872872 -6.1302867969031896 -1472.0925298704699 -2429.0105131550636 -808.88988780267402 -672.83370749640824 -1038.5964302572615 -88.102589449178296 -22.649668559486081 -4.9148022786710861 -1240.2283027886454 -1166.6277239328724 -413.73469726174596 -446.25223140181652 -952.93133136850531 -88.860552949496196 -24.481855746105772 -4.3217038641534327 -493.87353313178812 -498.65322512512938 -180.79262283329257 -376.6408086139478 -437.82807719710075 -107.869908718845


# name: mean
# type: matrix
# rows: 1
# columns: 46
 -2.4476230092655755 -0.062512708464582623 -0.030585791476587826 0.10106030078172837 -0.049502504086904389 -0.0415407032388199 -10.98022885949938 -1.4317772979261569 -374.4640920777926 -667.58871216332466 -298.4378465156567 -394.27049474066007 -647.78230950046009 -6.8338918543650902 -5.2853397898035279 -1.052548219152436 -156.67743398475017 -130.95766064723747 -17.711790251105565 -114.52606586026751 -173.10902877172239 4.3779287224598544 -4.742051914899073 -1.0733941207089372 133.76319044542555 -361.59895097354104 -20.666203412529036 -90.63079679763473 -137.20496373046478 -21.379522508179324 -4.1973817106869964 -0.82808088193280249 25.785407341047836 -178.10485745812758 -7.7561553558921679 -72.245026088687467 -80.074424028399307 -19.02275572819692 -4.2431411864889963 -0.83689273913612394 -79.148350241202266 -53.569811146939408 -6.7816183378021746 -60.469455403291114 -72.248705984843596 2.9557958386436196


# name: ubound
# type: matrix
# rows: 1
# columns: 46
 8.9325654586113412 1.8057230979616279 4.7114425465053325 3.0125980936961052 1.6809567545133468 9.519101246473868 76.115016306266511 7.9754446194901245 3738.177825946234 2494.861088525618 965.32348569077362 2396.2019058091528 3355.0251704974476 56.383645404132075 29.807270407171487 6.3757415983558836 957.22091934931541 1022.4705710248378 645.27005269717404 555.58755108734204 758.56424165718397 94.158456017918795 24.300371962464194 3.8347664179501892 1695.0118074192128 1656.5885263941359 788.8608237989713 459.22750775120699 740.46567472983736 60.507877828501236 26.556429703978139 4.1000243317810101 1023.9885249433061 1139.9256311748659 443.33111342838976 356.76323882931354 332.54884125965077 85.733940103751991 25.519674342359203 5.1210101520225013 323.0094028648204 378.02622665009329 167.22938615768823 246.12094771007295 282.25250246340579 110.42314571257198


